-89.251626667,
37.732401667,
-89.251623333,
37.732401667,
-89.251621667,
37.732401667,
-89.25162,
37.7324,
-89.251618333,
37.7324,
-89.251616667,
37.7324,
-89.251616667,
37.732398333,
-89.251615,
37.732398333,
-89.251615,
37.732398333,
-89.251615,
37.732398333,
-89.251615,
37.732398333,
-89.251615,
37.732398333,
-89.251615,
37.732398333,
-89.251615,
37.732398333,
-89.251615,
37.732398333,
-89.251615,
37.732398333,
-89.251615,
37.7324,
-89.251615,
37.732401667,
-89.251615,
37.732403333,
-89.251615,
37.732405,
-89.251616667,
37.732405,
-89.251616667,
37.732406667,
-89.251618333,
37.732408333,
-89.251618333,
37.732408333,
-89.25162,
37.732408333,
-89.251621667,
37.732408333,
-89.251621667,
37.732408333,
-89.251621667,
37.732406667,
-89.251621667,
37.732406667,
-89.251621667,
37.732406667,
-89.251621667,
37.732405,
-89.251621667,
37.732405,
-89.251621667,
37.732405,
-89.25162,
37.732405,
-89.25162,
37.732403333,
-89.251618333,
37.732403333,
-89.251616667,
37.732403333,
-89.251615,
37.732403333,
-89.251613333,
37.732403333,
-89.251613333,
37.732403333,
-89.251611667,
37.732403333,
-89.25161,
37.732403333,
-89.251608333,
37.732405,
-89.251606667,
37.732405,
-89.251605,
37.732405,
-89.251605,
37.732406667,
-89.251605,
37.732406667,
-89.251605,
37.732405,
-89.251605,
37.732405,
-89.251605,
37.732406667,
-89.251603333,
37.732406667,
-89.251603333,
37.732405,
-89.251603333,
37.732405,
-89.251603333,
37.732405,
-89.251603333,
37.732405,
-89.251601667,
37.732403333,
-89.251601667,
37.732403333,
-89.251601667,
37.732403333,
-89.251601667,
37.732403333,
-89.251601667,
37.732403333,
-89.251601667,
37.732401667,
-89.2516,
37.732401667,
-89.2516,
37.732401667,
-89.2516,
37.732401667,
-89.2516,
37.732401667,
-89.2516,
37.7324,
-89.251598333,
37.7324,
-89.251598333,
37.7324,
-89.251596667,
37.7324,
-89.251596667,
37.7324,
-89.251596667,
37.732401667,
-89.251596667,
37.732401667,
-89.251596667,
37.732401667,
-89.251596667,
37.732401667,
-89.251596667,
37.732401667,
-89.251596667,
37.732401667,
-89.251596667,
37.732401667,
-89.251596667,
37.732401667,
-89.251598333,
37.732401667,
-89.251596667,
37.732401667,
-89.251596667,
37.732401667,
-89.251596667,
37.732401667,
-89.251595,
37.732401667,
-89.251595,
37.732401667,
-89.251593333,
37.732401667,
-89.251591667,
37.732401667,
-89.25159,
37.7324,
-89.251588333,
37.7324,
-89.251586667,
37.7324,
-89.251585,
37.732398333,
-89.251583333,
37.732398333,
-89.251581667,
37.732398333,
-89.25158,
37.732396667,
-89.251578333,
37.732396667,
-89.251576667,
37.732391667,
-89.251575,
37.732386667,
-89.251571667,
37.732381667,
-89.251568333,
37.73238,
-89.251568333,
37.732376667,
-89.251563333,
37.732375,
-89.251563333,
37.732375,
-89.251561667,
37.732375,
-89.25156,
37.732375,
-89.25156,
37.732375,
-89.251558333,
37.732376667,
-89.251558333,
37.732376667,
-89.251558333,
37.732376667,
-89.25156,
37.732376667,
-89.25156,
37.732378333,
-89.25156,
37.73238,
-89.25156,
37.732381667,
-89.25156,
37.732381667,
-89.25156,
37.732383333,
-89.251561667,
37.732385,
-89.251561667,
37.732385,
-89.251563333,
37.732386667,
-89.251563333,
37.732388333,
-89.251563333,
37.732388333,
-89.251561667,
37.732388333,
-89.251561667,
37.732388333,
-89.251561667,
37.732388333,
-89.251561667,
37.732388333,
-89.25156,
37.732386667,
-89.25156,
37.732386667,
-89.25156,
37.732386667,
-89.25156,
37.732386667,
-89.25156,
37.732386667,
-89.251558333,
37.732385,
-89.251558333,
37.732385,
-89.251558333,
37.732385,
-89.25156,
37.732385,
-89.25156,
37.732386667,
-89.25156,
37.732386667,
-89.25156,
37.732386667,
-89.251558333,
37.732386667,
-89.251558333,
37.732388333,
-89.251558333,
37.732388333,
-89.251558333,
37.732388333,
-89.25156,
37.73239,
-89.251561667,
37.732391667,
-89.251561667,
37.732391667,
-89.251561667,
37.732393333,
-89.251561667,
37.732395,
-89.251561667,
37.732395,
-89.251561667,
37.732393333,
-89.25156,
37.732393333,
-89.25156,
37.732393333,
-89.25156,
37.732393333,
-89.25156,
37.732393333,
-89.25156,
37.732393333,
-89.25156,
37.732391667,
-89.25156,
37.732391667,
-89.25156,
37.732391667,
-89.251558333,
37.73239,
-89.251558333,
37.7